   90.0   -0.98585     0.13125E-03
   90.0   -0.96913     0.29877E-03
   90.0   -0.94699     0.53321E-03
   90.0   -0.92006     0.83033E-03
   90.0   -0.88878     0.11831E-02
   90.0   -0.85335     0.15813E-02
   90.0   -0.81379     0.20113E-02
   90.0   -0.76997     0.24557E-02
   90.0   -0.72162     0.28926E-02
   90.0   -0.66825     0.32957E-02
   90.0   -0.60884     0.36317E-02
   90.0   -0.54094     0.38535E-02
   90.0   -0.45628     0.38621E-02
   90.0   -0.26113     0.27799E-02
   90.0   -0.26829     0.30059E-02
   90.0   -0.26210     0.31309E-02
   90.0   -0.24699     0.31648E-02
   90.0   -0.22526     0.18644E-01
   90.0   -0.19813     0.16536E-01
   90.0   -0.16633     0.14206E-01
   90.0   -0.13033     0.11725E-01
   90.0   -0.90518E-01 0.91721E-02
   90.0   -0.47265E-01 0.66333E-02
   90.0   -0.10127E-02 0.42028E-02
   90.0    0.47700E-01 0.55894E-02
   90.0    0.98218E-01 0.66938E-02
   90.0    0.14977     0.73471E-02
   90.0    0.20150     0.74817E-02
   90.0    0.25248     0.70540E-02
   90.0    0.30176     0.60498E-02
   90.0    0.34841     0.44868E-02
   90.0    0.39159     0.24146E-02
   90.0    0.43056     0.89630E-04
   90.0    0.46473     0.29271E-02
   90.0    0.49368     0.59855E-02
   90.0    0.51712     0.91477E-02
   90.0    0.53497     0.12299E-01
   90.0    0.54727     0.15336E-01
