   90.000      11.348        0.20108E-01
   90.000      11.176        0.43880E-01
   90.000      11.029        0.75694E-01
   90.000      10.905        0.11482    
   90.000      10.807        0.16059    
   90.000      10.741        0.21240    
   90.000      10.715        0.26970    
   90.000      10.741        0.33197    
   90.000      10.833        0.39876    
   90.000      11.009        0.46965    
   90.000      11.292        0.54424    
   90.000      11.716        0.62219    
   90.000      12.362        0.70316    
   90.000      14.418        0.78686    
   90.000      16.780        0.87302    
   90.000      19.304        0.96139    
   90.000      22.137         1.0517    
   90.000      25.445         1.1438    
   90.000      29.438         1.2375    
   90.000      34.399         1.3325    
   90.000      40.727         1.4288    
   90.000      49.014         1.5261    
   90.000      60.174         1.6244    
   90.000      75.678         1.7234    
   90.000      98.023         1.8232    
   90.000      131.70         1.9235    
   90.000      185.42         2.0242    
   90.000      277.86         2.1253    
   90.000      454.80         2.2267    
   90.000      853.63         2.3283    
   90.000      2050.6         2.4301    
   90.000      9009.1         2.5319    
   90.000     0.80475E+07     2.6336    
   90.000      9017.0         2.7354    
   90.000      2509.1         2.8370    
   90.000      1220.0         2.9384    
   90.000      749.79         3.0397    
   90.000      525.11         3.1407    
